8029.0716600541
9349.474622191543
9154.87914243281
9304.070859149691
9467.29144866384
9323.94833384205
9472.157238266447
9636.80285785591
9007.13401070367
9358.195938866214
9634.25196742833
8950.45108856258
9473.776379429964
9665.25179713045
9242.856611985995
9537.73187277603
9707.65793955538
9147.3127215152
9387.01729824901
9648.527420964987
8152.730479468464
7859.337692106572
9597.145048427561
9048.705601331236
9329.207041396845
9660.07567590138
9094.241403147471
9377.101410306046
9530.88890791914
9072.687836623421
9226.183501131916
9615.315719006274
9094.23955341416
9244.078599012992
9664.618690102483
9253.898897211599
9193.481715014144
9532.003983674062
9212.61678031575
9259.590399973884
9656.215885505906
9128.40748091638
9248.340876519489
9530.231119642734
9148.595005640094
9305.11601064897
9630.599627672456
9167.647026882638
9195.837285036323
9603.452677395866
9144.588542629623
9034.44817407242
9291.21531332016
9220.929253717113
9292.624191083441
9762.11020309551
9572.419039303446
9451.553315391546
9123.51042218743
9248.674703279275
